# FORMAT
# GRAPHIC OPEN_SOUND_ID CLOSE_SOUND_ID LEFT TOP RIGHT BOTTOM ICONIZED_GRAPHIC [0 if not exists] MINIMIZER_AREA_X [0 if not exists] MINIMIZER_AREA_Y [0 if not exists]
# LEFT = X,  TOP = Y,  RIGHT = X + WIDTH,  BOTTOM = Y + HEIGHT


7 0 0 30 30 270 170 0 0 0
9 0 0 20 85 124 196 0 0 0
60 72 88 44 65 186 159 80 105 162
61 72 88 29 34 137 128 0 0 0
62 47 46 33 36 142 148 0 0 0
63 79 88 19 47 182 123 0 0 0
64 45 44 16 38 152 125 0 0 0
65 79 88 40 30 139 123 0 0 0
66 45 44 18 105 162 178 0 0 0
67 45 44 16 51 184 124 0 0 0
68 45 44 20 10 170 100 0 0 0
71 0 0 16 10 148 138 0 0 0
72 47 46 16 10 154 94 0 0 0
73 45 44 18 105 162 178 0 0 0
74 45 44 18 105 162 178 0 0 0
75 45 44 16 51 184 124 0 0 0
76 45 44 46 74 196 184 0 0 0
77 47 46 76 12 140 68 0 0 0
78 45 44 24 18 100 152 0 0 0
79 45 44 24 18 100 152 0 0 0
81 47 46 16 10 154 94 0 0 0
82 0 0 0 0 110 62 0 0 0
258 79 88 35 10 190 95 0 0 0
259 72 88 41 21 173 104 0 0 0
260 47 46 10 10 160 105 0 0 0
261 47 46 10 10 160 105 0 0 0
262 47 46 10 10 160 105 0 0 0
263 47 46 10 10 160 105 0 0 0
264 79 88 10 10 160 105 0 0 0
265 45 44 10 10 160 105 0 0 0
266 45 44 10 10 160 105 0 0 0
267 45 44 10 10 160 105 0 0 0
268 47 46 10 10 160 105 0 0 0
269 47 46 10 10 160 105 0 0 0
270 47 46 10 10 160 105 0 0 0
278 0 0 40 25 140 110 0 0 0
282 0 0 10 65 125 160 0 0 0
283 0 0 45 10 175 95 0 0 0
284 0 0 37 10 175 105 0 0 0
285 0 0 43 10 165 110 0 0 0
286 0 0 30 22 263 106 0 0 0
287 0 0 45 10 175 95 0 0 0
288 0 0 56 30 160 107 0 0 0
289 0 0 77 32 162 107 0 0 0
291 0 0 36 19 111 157 0 0 0
1156 0 0 0 45 175 125 0 0 0
1422 0 0 50 150 348 250 0 0 0
1747 0 0 10 65 125 160 0 0 0
1748 0 0 10 65 125 160 0 0 0
1749 0 0 10 65 125 160 0 0 0
1750 0 0 10 65 125 160 0 0 0
1765 0 0 66 74 306 520 0 0 0
1766 0 0 66 74 306 520 0 0 0
1767 0 0 50 60 548 308 0 0 0
1768 0 0 50 60 548 308 0 0 0
1769 0 0 60 80 318 324 0 0 0
1770 0 0 50 60 548 308 0 0 0
2330 0 0 0 0 282 230 0 0 0
2350 0 0 0 0 282 210 0 0 0
9834 0 0 16 51 184 124 0 0 0
9835 0 0 16 51 184 124 0 0 0
10851 391 457 60 33 460 348 0 0 0
19724 0 0 25 65 220 155 0 0 0
30558 72 88 44 65 186 159 30559 105 178
30560 72 88 44 65 186 159 30561 105 178
30562 72 88 44 65 186 159 30563 105 178
30586 0 0 32 40 184 116 0 0 0
40153 0 0 10 10 160 105 0 0 0
40155 0 0 50 60 548 308 0 0 0
40157 0 0 50 60 548 308 0 0 0
40159 0 0 50 60 548 308 0 0 0
40163 0 0 50 60 548 308 0 0 0
40164 0 0 44 65 186 159 0 0 0
40165 0 0 44 65 186 159 0 0 0
40167 0 0 44 65 186 159 0 0 0
