3397
3398
3399
3400
3401
3402
3403
3404
3405
3406
3407
3408
3409
3410
3411
3412
3420
3421
3422
3423
3424
3425
3426
3427
3428
3429
3430
3431
3432
3433
3437
3443
3444
3445
3446
3447
3448
3449
3450
3451
3452
3453
3454
3455
3456
3459
3463
3464
3465
3466
3467
3468
3469
3470
3471
3472
3473
3475
4790
4791
4796
4797
4798
4799
4800
4801
4802
4803
4804
4805
4806
4807
3257
3260
3261
3262
3263
3264
3265
3267
3269
3270
3271
3315
3316
3317
3318
3319
3332
3334
3335
3336
3337
3338
3339
3340
3341
3342
3343
3344
3345
3346
3347
3348
3349
3350
3351
3352
3353
3368
3369
3370
3371
3373
3380
3382
3502
3503
3514
3515
3516
3517
3518
3521
3522
3523
3203
3204
3205
3206
3207
3208
3209
3210
3211
3212
3213
3214
3219
3220
3224
3231
3232
3233
3234
3235
3236
3239
3244
3245
3246
3247
3248
3249
3250
3251
3252
3253
3254
3141
3142
3145
3143
3144
3146
3147
3148
3149
3150
3127
3128
3258
3375
3378
3379
3391
3392
3305
3393
3396
3415
3416
3418
3419
3438
3439
3441
3442
3460
3462
4790
4791
4796
4797
